Chihuahua           	-28.50	18.59	70.50	2422109
Tegucigalpa         	-30.00	21.70	73.80	2422813
Ouahigouya          	-25.50	28.60	85.60	2422071
Tabriz              	-37.80	12.60	62.50	2419398
Nicosia             	-28.30	19.69	72.90	2418345
Kankan              	-23.00	26.49	77.70	2420075
Hargeisa            	-27.60	21.69	72.30	2421810
Luanda              	-27.60	25.79	74.90	2422599
Chittagong          	-27.70	25.89	74.40	2422442
Tabora              	-27.30	22.99	73.00	2424725
Anadyr              	-62.60	-6.89	41.40	2419505
Addis Ababa         	-33.30	15.99	67.10	2421439
Vientiane           	-33.60	25.90	73.90	2421115
Moscow              	-45.40	5.80	58.10	2423543
Houston             	-29.10	20.81	74.40	2420573
Suwałki             	-44.70	7.20	62.50	2422476
Edinburgh           	-42.90	9.30	60.20	2421020
Novosibirsk         	-46.40	1.70	56.00	2419735
Minsk               	-41.90	6.70	53.50	2417788
Lake Havasu City    	-26.20	23.71	71.60	2420638
Tallinn             	-40.10	6.40	56.50	2422034
Dushanbe            	-33.50	14.70	66.10	2422143
Austin              	-27.00	20.70	67.80	2421801
Napier              	-38.00	14.59	65.10	2422319
Port Sudan          	-21.80	28.40	76.00	2422765
Muscat              	-20.60	28.00	82.20	2421985
Vancouver           	-37.10	10.40	60.00	2423607
Mexicali            	-26.50	23.11	75.00	2420921
Bratislava          	-44.70	10.50	60.20	2421480
Alexandra           	-38.00	11.00	61.20	2420922
Phoenix             	-25.00	23.91	74.70	2420851
Copenhagen          	-42.20	9.11	60.50	2422628
Makassar            	-24.20	26.70	76.60	2422812
Dar es Salaam       	-23.20	25.80	75.50	2422675
Lubumbashi          	-31.30	20.79	74.00	2421004
Jacksonville        	-27.80	20.31	70.90	2421338
Cotonou             	-20.30	27.21	82.00	2421005
Ouagadougou         	-24.30	28.29	77.70	2419831
Boston              	-40.50	10.90	58.80	2422844
Kunming             	-32.10	15.70	66.20	2419733
Virginia Beach      	-35.30	15.80	65.90	2423629
Pretoria            	-29.90	18.20	69.00	2421308
Tauranga            	-34.10	14.80	66.60	2422178
Nakhon Ratchasima   	-24.20	27.31	74.10	2419682
Nouakchott          	-24.30	25.70	74.20	2422482
Dili                	-24.80	26.60	74.20	2421120
Sapporo             	-42.00	8.91	59.50	2421898
Hamilton            	-43.30	13.80	66.70	2422043
Havana              	-24.70	25.20	77.20	2420421
Port-Gentil         	-22.90	26.00	73.60	2421237
Port Moresby        	-21.40	26.90	76.00	2422159
Adelaide            	-33.40	17.30	68.50	2421424
Assab               	-19.90	30.49	83.00	2419969
Dodoma              	-30.70	22.69	71.80	2419217
Surabaya            	-22.20	27.10	75.80	2419784
Reykjavík           	-45.20	4.30	57.10	2417508
Hamburg             	-40.90	9.69	63.00	2422362
Jayapura            	-21.70	27.01	82.00	2420301
Almaty              	-41.80	9.99	58.60	2422591
Benghazi            	-27.90	19.90	68.80	2421611
Sofia               	-42.50	10.60	63.00	2421850
Baku                	-35.50	15.08	64.30	2419282
Cairo               	-28.80	21.40	70.30	2421295
Taipei              	-27.40	23.01	74.60	2419954
Flores,  Petén      	-25.00	26.41	75.60	2422978
Kuwait City         	-23.80	25.70	72.70	2421194
Jakarta             	-23.70	26.71	78.10	2420457
Ségou               	-19.30	28.01	85.90	2419372
Bouaké              	-22.80	26.00	78.60	2421804
Edmonton            	-47.90	4.20	54.90	2420521
Cape Town           	-37.60	16.20	68.10	2421654
Dakar               	-29.90	24.00	72.50	2423011
Oranjestad          	-22.00	28.09	79.40	2421357
Chișinău            	-41.60	10.21	58.10	2421805
Ndola               	-31.10	20.31	67.20	2423711
Hong Kong           	-33.30	23.30	72.30	2418294
San Francisco       	-34.20	14.60	70.20	2420897
Beirut              	-24.50	20.90	72.50	2418768
St. John's          	-42.80	5.00	55.50	2420680
Auckland            	-34.10	15.20	62.80	2421210
Cabo San Lucas      	-25.60	23.90	73.10	2422141
Lhasa               	-42.40	7.60	59.10	2421640
Nassau              	-23.50	24.59	75.30	2419338
Miami               	-24.50	24.90	72.20	2418940
Perth               	-32.30	18.70	68.50	2421877
Toronto             	-40.70	9.41	60.30	2422237
Phnom Penh          	-24.00	28.30	77.40	2419334
Dallas              	-28.40	19.00	71.40	2423193
Da Lat              	-33.50	17.91	65.90	2421471
Batumi              	-36.80	14.00	60.10	2419644
Honiara             	-21.90	26.50	78.80	2422735
Banjul              	-24.20	25.99	73.60	2419955
Ashgabat            	-34.50	17.10	66.70	2422256
Seville             	-31.60	19.20	68.20	2419389
Ljubljana           	-41.80	10.90	62.00	2421188
Calgary             	-44.40	4.40	54.40	2419698
Bridgetown          	-23.30	27.00	77.50	2421544
Yinchuan            	-37.70	9.00	61.00	2422735
Xi'an               	-39.30	14.10	63.30	2423561
Vienna              	-41.50	10.40	57.90	2418119
Sydney              	-32.80	17.71	66.90	2419956
London              	-43.80	11.30	60.50	2419972
Tijuana             	-30.60	17.79	64.90	2423007
Pontianak           	-22.10	27.69	76.90	2421051
Kinshasa            	-25.20	25.30	74.10	2421203
Bergen              	-48.80	7.70	58.20	2419540
Libreville          	-23.90	25.90	76.60	2420359
Rostov-on-Don       	-43.40	9.89	58.20	2420142
Kathmandu           	-35.20	18.30	68.40	2423108
New Delhi           	-22.80	25.00	76.30	2423182
Niamey              	-25.50	29.31	77.20	2419828
Mango               	-20.30	28.09	77.20	2420694
Honolulu            	-27.80	25.40	78.70	2420435
Tromsø              	-46.70	2.89	49.10	2422178
Budapest            	-40.60	11.30	64.50	2420105
Oklahoma City       	-36.70	15.89	67.90	2418821
Baguio              	-33.20	19.51	69.90	2423707
Prague              	-41.30	8.41	61.80	2419905
Las Vegas           	-27.90	20.31	69.40	2420817
Darwin              	-21.30	27.61	78.30	2421809
Manila              	-23.10	28.40	80.10	2420172
Palermo             	-27.90	18.50	69.30	2421231
Wellington          	-35.40	12.89	61.00	2418101
Tirana              	-36.80	15.21	68.20	2422282
Beijing             	-35.40	12.90	62.90	2419150
Panama City         	-21.60	27.99	84.30	2420961
Belgrade            	-40.80	12.50	63.70	2420764
Tel Aviv            	-31.80	20.00	73.40	2421348
Fairbanks           	-51.50	-2.31	43.60	2421394
Accra               	-22.10	26.41	75.60	2420815
Gabès               	-34.80	19.51	69.80	2420688
Memphis             	-34.50	17.21	68.50	2422003
Baghdad             	-27.30	22.78	70.90	2423579
Vladivostok         	-40.60	4.90	58.70	2421538
Nouadhibou          	-28.60	21.31	72.70	2418629
Charlotte           	-35.90	16.11	67.70	2421830
Napoli              	-32.00	15.91	67.30	2422351
Palmerston North    	-43.00	13.21	63.20	2419690
Halifax             	-43.00	7.51	63.40	2421004
Iqaluit             	-61.90	-9.30	38.30	2421826
Odesa               	-40.00	10.72	58.20	2424104
Bordeaux            	-32.70	14.20	62.50	2423339
Cairns              	-27.80	25.00	76.40	2420317
Zagreb              	-49.70	10.70	59.40	2422656
Lahore              	-27.60	24.30	73.90	2421570
Launceston          	-35.60	13.10	63.00	2422970
Yellowknife         	-56.40	-4.31	47.90	2422800
Dublin              	-39.60	9.80	56.50	2423992
Podgorica           	-36.30	15.31	64.30	2421556
Dampier             	-22.90	26.40	77.50	2421213
Gjoa Haven          	-61.30	-14.40	34.30	2422320
Tehran              	-34.50	16.99	65.90	2421206
Dunedin             	-39.30	11.10	62.00	2423891
Andorra la Vella    	-36.30	9.81	58.90	2420703
Mexico City         	-35.20	17.50	67.30	2422011
Kolkata             	-25.00	26.69	77.60	2422724
Toamasina           	-31.70	23.40	72.80	2422992
Milwaukee           	-40.50	8.90	58.10	2423889
Albuquerque         	-32.50	14.00	63.50	2420159
Upington            	-29.50	20.40	70.70	2420282
Birao               	-24.30	26.49	79.20	2422692
Fukuoka             	-31.90	17.01	67.40	2421250
Chongqing           	-29.30	18.59	69.30	2421502
Antananarivo        	-31.70	17.90	72.30	2420699
Ürümqi              	-42.40	7.40	57.30	2421379
George Town         	-21.50	27.90	74.60	2423876
Sarajevo            	-42.40	10.10	63.20	2419827
Nashville           	-34.70	15.40	66.60	2421534
Sana'a              	-31.40	20.00	70.30	2421319
Fresno              	-36.40	17.90	68.90	2420823
Thessaloniki        	-37.00	15.99	68.90	2419107
Atlanta             	-30.70	17.00	68.30	2419343
Garoua              	-22.60	28.30	81.40	2423242
Tucson              	-32.90	20.90	72.60	2424927
Yerevan             	-40.20	12.41	62.40	2422335
City of San Marino  	-36.70	11.80	62.20	2418986
Burnie              	-35.60	13.10	65.10	2422801
Busan               	-37.70	15.00	65.80	2421937
Indianapolis        	-38.30	11.80	62.80	2421205
Winnipeg            	-45.80	3.00	56.90	2423243
San José            	-27.10	22.60	70.90	2422716
Karonga             	-23.50	24.40	74.60	2422335
Maun                	-25.90	22.41	70.80	2420435
Las Palmas de Gran Canaria	-30.70	21.21	69.00	2421133
Helsinki            	-44.60	5.91	63.40	2424031
Juba                	-23.20	27.80	79.90	2421591
Roseau              	-24.50	26.20	77.90	2421004
Mek'ele             	-26.40	22.71	75.90	2419169
Warsaw              	-48.50	8.50	60.00	2420492
Detroit             	-38.60	10.00	59.70	2417259
Tbilisi             	-36.20	12.91	62.30	2421649
Bamako              	-22.80	27.81	80.90	2421468
Mogadishu           	-19.80	27.09	74.60	2421626
Denpasar            	-27.60	23.70	74.70	2422753
Tamanrasset         	-34.30	21.68	72.80	2421157
Managua             	-21.20	27.31	74.70	2418340
Mzuzu               	-35.00	17.71	67.50	2424989
Da Nang             	-22.70	25.79	78.00	2421975
Santo Domingo       	-22.90	25.90	74.50	2423095
Bishkek             	-45.70	11.29	67.70	2422783
Kyoto               	-30.90	15.80	64.40	2422362
Tampa               	-29.00	22.91	70.70	2418650
Veracruz            	-24.40	25.41	71.80	2423491
Mombasa             	-21.60	26.30	76.40	2419123
Cracow              	-44.80	9.29	58.80	2421327
Mahajanga           	-27.20	26.29	82.00	2418900
Whitehorse          	-50.40	-0.10	49.50	2424466
Bujumbura           	-28.00	23.80	73.90	2422692
Montreal            	-44.70	6.81	55.20	2421546
Manama              	-28.30	26.50	75.70	2422415
Milan               	-37.30	13.00	63.70	2420094
Suva                	-22.20	25.59	75.80	2420226
Riga                	-42.80	6.20	56.80	2421106
Lagos               	-25.00	26.80	76.60	2419537
Ghanzi              	-30.20	21.40	72.30	2421084
Abidjan             	-25.90	26.01	73.30	2422394
Ankara              	-39.90	12.00	65.00	2419220
Monterrey           	-25.20	22.30	82.10	2418510
Sokoto              	-23.30	27.99	79.50	2421174
Ouarzazate          	-31.90	18.90	68.80	2420400
Kuopio              	-45.90	3.41	55.40	2420880
Vilnius             	-45.50	6.00	52.80	2420253
Villahermosa        	-22.10	27.10	79.10	2422826
Dubai               	-23.70	26.90	76.30	2420164
Chiang Mai          	-25.30	25.81	74.70	2420625
Denver              	-38.70	10.40	57.70	2421734
Louisville          	-33.90	13.90	63.60	2420825
Kuala Lumpur        	-21.80	27.30	83.70	2422472
Palm Springs        	-26.40	24.50	77.00	2419595
Pyongyang           	-38.00	10.81	60.60	2420188
Parakou             	-22.60	26.79	77.00	2420699
Marseille           	-38.00	15.79	70.20	2422880
Bilbao              	-33.20	14.71	62.70	2421036
Minneapolis         	-42.60	7.80	54.60	2425437
Kingston            	-21.00	27.39	75.80	2420117
Los Angeles         	-28.80	18.60	66.60	2421629
Kampala             	-27.10	20.01	74.00	2423972
Murmansk            	-52.50	0.61	50.20	2421621
Dolisie             	-24.70	24.00	77.70	2420626
Willemstad          	-20.40	28.00	74.80	2419639
Toliara             	-25.70	24.09	71.00	2422300
Irkutsk             	-48.50	1.00	52.40	2421340
Livingstone         	-25.50	21.80	70.90	2422699
Damascus            	-30.70	17.01	66.30	2420611
Bissau              	-21.10	27.01	74.70	2421129
Bulawayo            	-30.80	18.91	67.50	2420390
Palembang           	-25.30	27.30	78.60	2422290
Lviv                	-46.90	7.79	56.70	2423917
Tokyo               	-35.20	15.40	68.10	2421138
Gangtok             	-32.50	15.21	66.00	2422126
Asmara              	-32.50	15.60	65.30	2422694
Amsterdam           	-40.90	10.20	57.80	2425000
Changsha            	-33.90	17.40	67.20	2421147
Hanga Roa           	-32.10	20.51	71.30	2419664
Yangon              	-21.80	27.49	83.60	2420282
Zanzibar City       	-23.20	26.00	77.20	2421952
Reggane             	-22.00	28.29	84.10	2420848
Riyadh              	-26.10	26.01	81.30	2422436
Omaha               	-40.70	10.60	62.70	2420659
Ulaanbaatar         	-51.60	-0.40	51.10	2422726
New York City       	-34.50	12.90	61.70	2421405
Toluca              	-35.60	12.41	61.40	2419458
Lomé                	-26.60	26.90	77.30	2422718
San Juan            	-24.30	27.20	76.00	2421275
Djibouti            	-20.40	29.90	83.60	2421200
Kyiv                	-45.50	8.40	55.80	2420057
Erzurum             	-43.70	5.10	52.70	2424569
Dhaka               	-25.90	25.91	78.50	2421029
Pointe-Noire        	-23.00	26.10	74.20	2421610
Bangkok             	-24.50	28.60	79.10	2422931
Bucharest           	-41.10	10.80	60.50	2421389
Harbin              	-43.70	5.01	56.70	2421085
Guadalajara         	-27.90	20.89	73.40	2422951
Harare              	-34.80	18.41	69.10	2422483
Washington, D.C.    	-35.40	14.60	63.70	2419897
San Diego           	-29.10	17.81	66.70	2420609
Guangzhou           	-26.80	22.41	75.40	2419257
Sacramento          	-32.90	16.29	66.10	2422315
Yakutsk             	-58.50	-8.79	41.30	2423774
Guatemala City      	-31.00	20.39	69.30	2421852
Valencia            	-31.20	18.30	73.70	2420866
Istanbul            	-35.30	13.88	64.90	2421875
Sochi               	-42.10	14.20	66.90	2418685
Kumasi              	-23.90	26.01	79.60	2421171
New Orleans         	-27.10	20.70	75.80	2422008
Abéché              	-19.30	29.39	79.50	2421411
Rabat               	-31.00	17.20	65.40	2420407
Chicago             	-44.20	9.80	62.30	2421299
Porto               	-35.80	15.70	63.00	2420736
Madrid              	-34.20	15.00	65.00	2422904
Astana              	-45.70	3.50	54.70	2423530
Alice Springs       	-28.50	21.00	77.30	2420317
Moncton             	-46.80	6.10	55.80	2419507
Abha                	-37.80	17.99	70.80	2421356
Frankfurt           	-41.10	10.58	57.20	2421133
Tashkent            	-33.90	14.80	67.50	2419587
Tamale              	-20.80	27.91	77.10	2423712
Lusaka              	-28.50	19.90	68.00	2423723
Yaoundé             	-30.10	23.81	72.90	2420523
Durban              	-29.10	20.60	72.90	2419307
Monaco              	-32.10	16.40	71.90	2420214
Algiers             	-29.10	18.20	66.70	2422231
Bloemfontein        	-42.00	15.60	63.00	2420769
Mandalay            	-22.40	28.00	78.00	2421279
Tripoli             	-33.20	19.99	65.00	2422424
Douala              	-23.80	26.71	74.60	2420621
Singapore           	-20.50	26.99	75.40	2420305
Lodwar              	-20.30	29.29	79.10	2424572
San Antonio         	-29.90	20.80	72.30	2418649
Luxembourg City     	-41.70	9.30	56.00	2419799
Brazzaville         	-22.90	25.00	74.60	2421476
Belize City         	-26.70	26.70	76.70	2422733
Melbourne           	-36.00	15.10	62.50	2421247
Baltimore           	-37.50	13.10	62.40	2421333
Skopje              	-35.50	12.41	61.10	2421077
Tunis               	-30.30	18.40	69.70	2421931
N'Djamena           	-25.90	28.31	77.20	2420437
Kabul               	-42.20	12.09	59.00	2420193
La Paz              	-25.30	23.70	77.50	2421851
Bata                	-26.50	25.10	72.60	2421390
Blantyre            	-27.10	22.20	72.20	2419312
Seattle             	-38.70	11.30	59.10	2422180
Naha                	-27.10	23.11	75.60	2422638
Boise               	-40.50	11.40	62.50	2418691
Philadelphia        	-36.90	13.20	69.10	2419556
Alexandria          	-31.00	20.00	69.00	2423246
Kano                	-23.70	26.40	79.20	2419971
Jerusalem           	-29.80	18.30	67.60	2421147
Oslo                	-46.60	5.69	53.60	2421224
Gagnoa              	-28.00	26.01	74.70	2422969
Saint-Pierre        	-45.00	5.71	58.60	2419891
Ahvaz               	-24.00	25.40	73.20	2424190
Athens              	-29.00	19.20	69.80	2419294
Nairobi             	-33.20	17.81	65.30	2420483
Gaborone            	-29.50	21.00	72.60	2423219
Maputo              	-32.90	22.81	74.10	2422632
Ifrane              	-40.60	11.39	62.80	2420214
Paris               	-37.80	12.29	64.00	2421384
Jos                 	-27.20	22.80	74.80	2422098
Ho Chi Minh City    	-29.30	27.40	75.70	2421991
Wrocław             	-41.90	9.60	58.40	2419361
Odienné             	-21.60	26.00	75.70	2423061
Bangui              	-23.80	26.00	75.90	2420000
Bosaso              	-21.90	30.00	84.50	2419812
Erbil               	-29.80	19.50	66.80	2421693
Aden                	-19.20	29.10	78.70	2421694
El Paso             	-29.60	18.10	66.20	2420234
Niigata             	-36.50	13.91	62.10	2420104
La Ceiba            	-29.80	26.19	75.90	2421382
Split               	-35.00	16.11	65.30	2422450
Brussels            	-37.60	10.51	61.60	2418427
Hobart              	-38.80	12.70	61.90	2420124
Colombo             	-19.80	27.40	81.50	2420061
Kandi               	-25.30	27.69	76.50	2421929
Thiès               	-24.70	23.99	76.00	2421010
Hat Yai             	-22.10	26.99	77.10	2417930
Hanoi               	-25.00	23.60	73.20	2419184
Rangpur             	-28.40	24.41	76.60	2423398
Vaduz               	-39.20	10.09	61.30	2421387
Heraklion           	-38.70	18.90	68.10	2422604
Saskatoon           	-55.60	3.30	55.80	2418998
Khartoum            	-21.10	29.89	83.70	2424249
San Salvador        	-27.00	23.10	70.90	2422011
Columbus            	-35.40	11.71	59.90	2421620
Lisbon              	-31.70	17.51	66.00	2423312
Malé                	-21.20	28.01	77.00	2419003
Wau                 	-18.90	27.78	83.40	2422024
Ngaoundéré          	-31.90	22.00	71.50	2422755
Petropavlovsk-Kamchatsky	-47.50	1.91	52.60	2419864
Malabo              	-21.40	26.31	75.60	2424282
Barcelona           	-37.50	18.20	74.00	2420072
St. Louis           	-39.20	13.90	65.00	2421033
Salt Lake City      	-36.50	11.60	59.50	2419542
Garissa             	-18.00	29.31	81.90	2422198
Praia               	-27.90	24.40	74.80	2421370
Medan               	-25.00	26.49	73.00	2420844
Entebbe             	-31.80	21.01	69.10	2420360
Brisbane            	-26.00	21.39	74.70	2419496
Zürich              	-42.80	9.30	62.10	2419945
Rome                	-36.90	15.20	63.90	2421540
Kansas City         	-39.60	12.51	62.10	2422531
Oulu                	-46.40	2.70	49.80	2420685
Johannesburg        	-32.50	15.50	63.70	2416474
Stockholm           	-52.30	6.60	56.80	2423943
San Jose            	-33.60	16.38	69.70	2421298
Mumbai              	-23.70	27.09	77.10	2422358
Dikson              	-63.20	-11.11	38.40	2421797
Arkhangelsk         	-50.60	1.29	52.40	2420397
Wichita             	-32.70	13.91	62.90	2420426
Valletta            	-30.80	18.81	71.20	2418231
Ottawa              	-41.80	6.59	56.90	2423115
Timbuktu            	-19.60	28.00	75.30	2420544
Port Vila           	-24.60	24.29	74.00	2425525
Christchurch        	-41.20	12.20	57.90	2419052
Shanghai            	-36.90	16.70	63.80	2421583
Portland (OR)       	-36.10	12.40	62.30	2421326
Pittsburgh          	-37.70	10.80	62.00	2420013
Lyon                	-34.70	12.50	61.60	2421641
Marrakesh           	-30.30	19.60	70.60	2422877
Lake Tekapo         	-40.30	8.70	58.20	2421788
Antsiranana         	-23.20	25.19	74.40	2421378
Makurdi             	-22.60	26.00	74.00	2420389
Karachi             	-25.20	25.99	73.60	2421046
İzmir               	-33.20	17.89	65.70	2421471
Saint Petersburg    	-45.00	5.80	56.40	2422365
Anchorage           	-45.10	2.80	54.30	2424036
Seoul               	-35.20	12.51	62.90	2419074
Canberra            	-35.50	13.10	60.80	2417932
Conakry             	-22.00	26.40	74.40	2422186
Fianarantsoa        	-36.50	17.90	67.30	2422196
Nuuk                	-54.60	-1.40	47.50	2422551
Berlin              	-39.50	10.30	57.90	2421107
Hiroshima           	-33.70	16.30	64.50	2421411
