Almaty              	-33.10	9.95	48.80	24458
Tehran              	-25.40	17.03	59.80	24340
Gangtok             	-26.70	15.23	55.20	24237
Miami               	-16.50	24.97	63.40	24179
Bujumbura           	-14.20	23.86	68.20	24115
Las Palmas de Gran Canaria	-19.20	21.19	60.30	24092
Ngaoundéré          	-20.50	21.89	58.40	24411
Monterrey           	-18.80	22.38	60.80	24006
Palembang           	-19.90	27.42	63.40	24168
Hobart              	-28.50	12.64	52.30	24495
Villahermosa        	-10.90	27.12	66.60	24246
George Town         	-13.60	27.87	69.40	24120
N'Djamena           	-9.40	28.26	71.30	24280
Minsk               	-33.50	6.67	50.00	24134
Nakhon Ratchasima   	-12.50	27.40	63.70	24024
Boise               	-33.40	11.34	55.00	24243
Hamburg             	-28.80	9.66	49.10	24100
New York City       	-22.50	12.79	52.80	24382
Saskatoon           	-35.20	3.36	44.20	24073
Dolisie             	-14.50	23.90	66.40	24232
Djibouti            	-11.30	29.94	70.70	24229
Copenhagen          	-32.20	9.09	52.60	24268
Birao               	-10.70	26.42	63.00	24334
Skopje              	-24.30	12.41	54.40	24071
Nuuk                	-40.70	-1.34	37.00	24230
Addis Ababa         	-22.10	15.96	58.30	24081
Moncton             	-32.20	6.17	43.00	24228
Harare              	-23.70	18.46	56.90	23693
Omaha               	-27.50	10.65	49.20	24084
Sacramento          	-23.60	16.40	52.90	24425
Seattle             	-33.40	11.25	53.50	24317
Mexicali            	-17.30	23.06	65.20	24121
Kabul               	-27.90	12.18	48.20	24377
Malé                	-12.70	28.01	67.10	24098
Chongqing           	-27.80	18.51	60.10	24493
Kingston            	-13.60	27.43	68.10	24413
Winnipeg            	-41.00	2.91	43.50	24379
Anchorage           	-34.90	2.80	42.40	24572
Oklahoma City       	-22.10	15.86	55.20	23957
Pontianak           	-10.70	27.75	69.70	24190
Hiroshima           	-22.20	16.27	56.10	24149
Phoenix             	-22.20	23.91	65.90	24311
Portland (OR)       	-30.80	12.51	62.30	24398
Odesa               	-34.40	10.75	52.60	24186
Kyoto               	-27.90	15.86	57.00	24258
Sapporo             	-32.00	8.90	47.80	24375
Perth               	-25.30	18.59	60.40	24361
Naha                	-14.80	23.11	62.10	24192
Upington            	-18.30	20.37	66.00	24086
Flores,  Petén      	-17.30	26.41	68.80	24295
Mombasa             	-14.00	26.36	69.60	24306
Jakarta             	-18.80	26.79	68.00	23925
Guangzhou           	-15.80	22.34	62.60	24060
Sarajevo            	-33.40	10.05	50.90	24564
Minneapolis         	-31.40	7.84	46.00	23975
Kinshasa            	-14.20	25.21	70.00	24229
Jayapura            	-11.40	27.09	69.90	23978
Denpasar            	-25.70	23.70	61.50	24199
San Diego           	-23.40	17.83	56.90	24379
Detroit             	-29.60	10.10	52.20	24253
Astana              	-34.60	3.49	42.20	24397
Da Lat              	-21.00	17.97	57.00	24322
Entebbe             	-19.00	20.90	58.60	24304
Pretoria            	-21.10	18.29	57.50	24284
Blantyre            	-17.90	22.12	59.60	23934
Heraklion           	-22.10	18.86	61.80	24307
Tabora              	-14.00	23.04	61.60	24009
Madrid              	-24.60	15.06	52.50	24261
Makurdi             	-12.10	25.98	64.50	24266
Brazzaville         	-16.80	24.97	62.50	24090
Ulaanbaatar         	-37.90	-0.37	41.40	24157
San Salvador        	-16.80	23.05	62.40	24306
Kansas City         	-32.20	12.66	55.70	24307
Berlin              	-30.20	10.34	51.10	24461
Yangon              	-11.20	27.46	70.60	24078
Murmansk            	-45.70	0.60	43.10	24161
Dubai               	-9.10	26.89	67.90	24203
Halifax             	-30.50	7.46	46.10	24365
Khartoum            	-13.30	29.94	67.80	24385
Algiers             	-18.90	18.10	61.20	24329
Edmonton            	-33.30	4.23	44.50	24196
Odienné             	-17.40	25.92	65.40	24530
Nicosia             	-18.50	19.64	60.00	24215
Dikson              	-53.00	-11.18	29.90	24342
Surabaya            	-13.40	27.15	70.60	24320
Marseille           	-29.70	15.71	52.40	24028
Yakutsk             	-50.10	-8.73	29.20	24281
Reggane             	-8.50	28.30	66.20	24462
Lubumbashi          	-30.70	20.77	57.90	24306
Dunedin             	-29.10	11.14	53.20	24445
Kumasi              	-12.50	26.01	65.60	24162
Manama              	-11.80	26.63	67.40	23970
Austin              	-17.70	20.68	56.30	24388
Yaoundé             	-14.90	23.83	68.20	24461
Vientiane           	-13.80	25.85	64.10	24053
Atlanta             	-22.30	17.06	57.90	23859
Pittsburgh          	-35.80	10.77	48.00	24407
Port Sudan          	-13.00	28.35	68.80	23825
Abidjan             	-15.60	26.02	61.90	24447
Jacksonville        	-21.20	20.26	60.90	23996
Honolulu            	-11.50	25.40	63.80	24146
Christchurch        	-26.30	12.21	51.60	24038
Bangkok             	-6.80	28.58	66.50	24182
Douala              	-10.90	26.68	69.80	23993
Willemstad          	-12.70	27.88	68.10	24115
Kankan              	-12.60	26.58	65.10	24404
Gjoa Haven          	-52.80	-14.47	26.40	23901
New Delhi           	-20.60	24.98	62.00	24361
Boston              	-30.30	10.92	49.80	24175
Albuquerque         	-25.70	14.06	55.10	24141
New Orleans         	-18.60	20.53	62.30	24274
Kuopio              	-37.20	3.40	42.90	24206
Baltimore           	-24.80	13.05	53.50	24450
Parakou             	-15.70	26.76	68.50	24385
Reykjavík           	-35.40	4.36	44.30	24332
Toliara             	-17.60	24.06	65.80	23891
Malabo              	-16.60	26.29	65.50	24305
Toamasina           	-18.80	23.50	63.40	24275
Alexandria          	-19.70	20.00	57.50	24211
Bissau              	-14.90	26.90	69.20	24253
Busan               	-25.00	14.97	51.90	24187
Denver              	-32.80	10.39	50.50	24160
La Ceiba            	-11.40	26.24	70.90	24206
Chihuahua           	-22.10	18.59	56.90	24331
Tunis               	-19.00	18.45	59.90	24380
Alexandra           	-25.10	10.96	61.20	24193
Athens              	-19.50	19.26	66.90	24250
San Jose            	-19.10	16.37	52.50	24260
Jos                 	-15.90	22.79	61.50	24334
Niamey              	-11.30	29.28	70.70	24428
Juba                	-15.60	27.86	66.40	24158
Lisbon              	-19.40	17.50	56.50	24233
Sofia               	-30.20	10.67	50.00	24442
Las Vegas           	-27.20	20.23	64.40	24370
Harbin              	-33.30	4.91	44.10	24175
Kathmandu           	-22.00	18.22	60.80	24099
Beirut              	-19.10	20.82	64.90	24221
Tripoli             	-21.80	19.95	59.50	24377
Istanbul            	-26.50	13.91	59.40	24056
Toronto             	-30.90	9.33	46.80	24126
Cabo San Lucas      	-19.10	23.91	70.80	24387
Dodoma              	-16.10	22.74	60.40	24014
Ouarzazate          	-22.80	18.96	59.50	23914
Nouakchott          	-12.60	25.76	63.10	24270
Guadalajara         	-19.80	21.03	61.30	24348
Brisbane            	-20.30	21.44	66.10	24302
Vienna              	-31.20	10.31	51.60	24195
Oslo                	-34.90	5.66	51.50	24816
Santo Domingo       	-17.60	26.02	62.20	24308
Bloemfontein        	-23.50	15.72	54.30	24218
Sydney              	-25.40	17.70	61.00	24324
Chiang Mai          	-19.00	25.70	59.70	24456
Washington, D.C.    	-24.00	14.54	58.70	24221
Lusaka              	-17.40	19.90	59.60	24280
Xi'an               	-26.50	14.14	52.90	24129
London              	-26.50	11.27	56.60	24289
Antsiranana         	-13.00	25.14	66.90	24056
Port Vila           	-16.10	24.28	67.50	24235
Tokyo               	-23.90	15.37	54.70	24333
Garissa             	-8.40	29.24	72.80	24158
Rome                	-25.90	15.16	54.40	23840
Lagos               	-9.60	26.84	67.00	24450
Tauranga            	-23.30	14.76	56.60	24395
Guatemala City      	-21.60	20.28	59.50	24325
Nassau              	-12.50	24.54	67.50	24060
Dampier             	-13.40	26.53	63.70	23981
Tucson              	-17.00	20.90	57.90	24043
Medan               	-20.50	26.51	66.30	24093
Cracow              	-31.80	9.30	54.50	24160
Maun                	-16.80	22.43	64.90	24366
Kolkata             	-16.30	26.76	65.70	24146
Kuala Lumpur        	-11.90	27.31	66.20	23902
Yerevan             	-26.10	12.52	53.40	24170
Thessaloniki        	-25.50	16.05	60.40	24016
Ahvaz               	-16.00	25.46	66.20	24361
Thiès               	-17.70	24.01	64.00	24261
Tamanrasset         	-16.10	21.63	62.60	24037
Baku                	-21.50	15.15	58.20	24289
Erzurum             	-33.90	5.11	47.80	24058
St. John's          	-34.20	4.91	44.10	24390
Garoua              	-13.60	28.40	71.30	24237
Ho Chi Minh City    	-12.90	27.46	73.30	24313
Rangpur             	-15.60	24.40	64.10	24158
Bilbao              	-32.10	14.61	54.30	24202
Lodwar              	-7.40	29.32	70.70	24057
Muscat              	-15.40	28.03	69.60	24069
Darwin              	-9.10	27.67	71.00	24163
Zürich              	-30.60	9.42	50.90	24472
Seville             	-23.20	19.23	58.00	24475
Havana              	-19.40	25.18	59.80	23969
Houston             	-18.30	20.81	59.30	24279
Manila              	-9.70	28.49	66.80	23997
Rostov-on-Don       	-32.10	9.92	50.40	24081
La Paz              	-15.50	23.69	71.60	24524
Assab               	-8.90	30.58	70.60	24292
Wichita             	-25.60	14.02	52.50	24146
Kano                	-12.30	26.44	63.10	24520
Hanga Roa           	-24.30	20.48	60.50	23843
Louisville          	-29.80	13.86	55.00	24182
Auckland            	-21.20	15.17	52.30	24153
Port-Gentil         	-10.20	25.99	66.20	24370
Tirana              	-21.80	15.32	58.20	24323
Nairobi             	-22.30	17.88	60.30	24368
Vilnius             	-34.70	6.11	48.70	24139
Palmerston North    	-28.80	13.22	55.30	24237
Belgrade            	-28.00	12.57	52.30	24287
Los Angeles         	-23.10	18.56	57.60	24206
Benghazi            	-18.90	19.86	61.50	24061
Mumbai              	-9.90	27.09	67.20	24198
Salt Lake City      	-30.60	11.62	48.20	24328
Niigata             	-26.30	13.93	51.30	24173
Tallinn             	-32.40	6.34	45.20	24423
Saint Petersburg    	-34.40	5.79	45.40	24371
Lhasa               	-30.90	7.56	48.40	24041
Chittagong          	-17.60	25.96	63.00	24052
Wellington          	-29.80	12.93	51.30	24196
Barcelona           	-20.40	18.10	62.70	24136
City of San Marino  	-28.30	11.93	51.10	24116
Edinburgh           	-32.30	9.33	52.80	24456
Nouadhibou          	-17.30	21.35	64.10	24277
Paris               	-26.70	12.24	51.50	24091
Ségou               	-10.00	28.15	71.80	23911
Bratislava          	-27.50	10.45	50.80	24072
Indianapolis        	-26.90	11.79	57.40	24031
Dhaka               	-15.20	25.76	65.50	24089
Baghdad             	-15.90	22.72	60.00	24290
Chicago             	-30.20	9.83	50.60	24135
Dallas              	-21.10	18.99	58.00	24062
San Juan            	-10.80	27.12	71.90	24362
Split               	-27.90	16.07	58.90	24318
Andorra la Vella    	-28.20	9.83	50.70	24156
San Antonio         	-24.80	20.78	60.20	24164
Bridgetown          	-15.60	26.97	65.30	24260
Karonga             	-12.90	24.40	64.40	24384
Conakry             	-10.00	26.36	64.10	24334
Ashgabat            	-22.30	17.10	55.70	24388
Panama City         	-15.10	27.98	65.10	23996
Milan               	-24.10	12.93	53.70	24245
Sana'a              	-26.70	19.97	57.40	24235
Lake Tekapo         	-31.70	8.67	47.80	24313
Tabriz              	-31.30	12.63	53.80	24028
Oranjestad          	-11.50	28.11	67.20	24395
Porto               	-19.30	15.76	54.00	24192
Lake Havasu City    	-14.80	23.70	62.20	23891
Novosibirsk         	-41.20	1.67	41.80	24159
Fairbanks           	-38.40	-2.34	36.50	24047
İzmir               	-23.50	17.86	58.10	23951
Philadelphia        	-25.10	13.18	55.10	24312
Ifrane              	-36.00	11.41	60.00	24149
Abha                	-23.50	17.97	56.30	24205
Tbilisi             	-29.40	12.86	53.20	24095
Accra               	-13.70	26.40	64.00	24461
Cairo               	-19.30	21.40	62.70	24238
Da Nang             	-18.00	25.72	69.90	24153
Wau                 	-12.00	27.75	69.50	24188
Yinchuan            	-31.50	8.95	46.90	24221
Erbil               	-20.80	19.51	56.20	24298
Mek'ele             	-20.00	22.70	60.50	24276
Lviv                	-34.30	7.87	47.60	24279
Ouahigouya          	-14.30	28.63	68.00	24371
San José            	-18.60	22.64	60.90	24330
Hong Kong           	-21.80	23.29	60.20	24366
Zanzibar City       	-12.70	25.93	69.20	24171
Marrakesh           	-20.20	19.60	57.30	24216
Stockholm           	-32.80	6.62	48.40	24230
Bucharest           	-36.80	10.81	55.30	24113
Rabat               	-19.70	17.16	58.00	24180
Veracruz            	-18.10	25.46	65.30	24035
Roseau              	-15.30	26.14	67.30	24022
Gabès               	-23.50	19.47	57.60	23968
Melbourne           	-29.00	15.02	51.70	24546
Arkhangelsk         	-42.10	1.36	38.80	24023
Brussels            	-28.60	10.54	48.50	24306
Tegucigalpa         	-20.60	21.78	70.40	24447
Ürümqi              	-31.20	7.37	53.40	24177
Zagreb              	-27.40	10.80	49.70	24072
Calgary             	-34.20	4.34	47.00	23916
Kuwait City         	-12.90	25.70	70.40	24152
Jerusalem           	-25.90	18.21	53.60	24267
Bulawayo            	-18.90	18.94	59.50	24253
Bata                	-10.70	25.05	68.00	23949
Tromsø              	-34.50	2.89	43.10	24118
Changsha            	-22.60	17.34	55.30	24023
Bordeaux            	-25.90	14.27	57.60	24455
Tel Aviv            	-21.60	19.99	62.30	24426
Ouagadougou         	-9.60	28.21	69.70	24460
Luanda              	-11.80	25.77	67.00	24168
Damascus            	-25.10	17.08	64.20	24078
Tampa               	-18.10	22.92	61.60	24242
Timbuktu            	-17.50	27.91	66.80	24317
Mahajanga           	-15.00	26.31	82.00	24012
Batumi              	-21.90	13.90	54.30	24154
Karachi             	-11.20	25.98	72.30	24263
Suwałki             	-32.60	7.30	46.80	24140
Montreal            	-39.80	6.77	44.30	24156
Colombo             	-12.30	27.42	70.30	24322
Mzuzu               	-25.80	17.66	57.50	24055
Charlotte           	-29.00	16.06	58.60	24350
Durban              	-18.30	20.63	72.90	24167
Nashville           	-28.40	15.44	55.40	24208
Phnom Penh          	-10.30	28.32	69.80	24057
Dublin              	-29.00	9.77	49.20	24190
Ndola               	-14.40	20.35	61.00	24090
Hat Yai             	-11.50	27.02	68.80	23938
Fresno              	-20.50	17.91	59.50	24127
Oulu                	-34.70	2.77	45.50	24163
Tamale              	-12.20	27.88	71.40	24321
Maputo              	-11.60	22.94	68.40	24125
Cairns              	-21.50	25.06	65.70	24413
Chișinău            	-26.20	10.16	55.60	24107
Aden                	-10.90	29.16	69.30	24095
Suva                	-12.90	25.65	65.50	24514
Pointe-Noire        	-10.10	26.14	72.70	24269
Napier              	-23.70	14.53	53.80	24341
Riyadh              	-13.70	26.05	66.20	24273
Palm Springs        	-16.50	24.66	65.80	24141
Bishkek             	-30.30	11.22	55.50	24394
Ghanzi              	-17.20	21.43	63.60	24162
Managua             	-14.30	27.36	69.40	24276
Yellowknife         	-48.80	-4.30	34.40	24197
Baguio              	-23.20	19.35	57.10	24040
Honiara             	-9.50	26.50	67.20	24170
Ankara              	-27.70	11.96	52.30	24278
Iqaluit             	-47.60	-9.29	31.60	23966
Dakar               	-17.70	23.96	62.70	24301
Bosaso              	-13.60	30.07	68.30	24583
Helsinki            	-32.70	5.97	43.10	24207
Mogadishu           	-15.80	27.09	68.70	23997
Virginia Beach      	-24.00	15.76	59.10	24308
Ljubljana           	-27.60	10.91	51.30	24163
Libreville          	-14.80	25.79	64.00	24069
Praia               	-14.70	24.43	61.20	23814
Wrocław             	-32.70	9.59	45.50	24052
Prague              	-34.00	8.36	44.90	24164
Milwaukee           	-32.10	8.80	50.40	24447
Gagnoa              	-16.70	25.89	69.70	24364
Sokoto              	-12.10	28.12	72.10	24161
Mango               	-9.90	27.96	77.20	24251
Bangui              	-12.80	25.98	69.20	24203
Gaborone            	-18.90	20.95	62.80	24342
Vladivostok         	-33.80	4.88	45.40	24375
Ottawa              	-31.80	6.67	50.00	24097
Kunming             	-30.40	15.64	59.30	24150
Dar es Salaam       	-13.50	25.74	63.80	24174
Columbus            	-26.30	11.69	54.90	24245
Makassar            	-13.80	26.65	68.60	23871
Luxembourg City     	-30.80	9.29	50.20	24477
Moscow              	-36.20	5.85	43.70	24098
Antananarivo        	-25.30	17.82	57.90	24210
Belize City         	-9.90	26.64	66.10	24038
Alice Springs       	-18.10	21.01	60.90	24337
Taipei              	-14.90	23.12	62.80	24196
Mexico City         	-22.90	17.61	61.80	24253
Whitehorse          	-42.00	-0.08	41.20	24256
Tijuana             	-25.40	17.81	56.30	24063
Banjul              	-15.30	25.90	63.10	24490
Lahore              	-13.40	24.35	68.80	24102
Hamilton            	-24.10	13.85	55.40	24281
Vancouver           	-35.30	10.33	48.50	24349
Hanoi               	-14.90	23.67	60.70	24265
St. Louis           	-25.10	13.75	50.70	24219
Seoul               	-26.50	12.50	52.90	24101
Lomé                	-12.30	27.00	71.70	24162
Amsterdam           	-32.50	10.25	55.50	23899
Bouaké              	-17.20	26.01	65.20	24149
Saint-Pierre        	-37.70	5.76	41.40	24229
Port Moresby        	-15.80	26.81	67.20	24175
Beijing             	-26.50	12.88	53.30	24303
Kampala             	-16.70	19.99	60.20	24177
Kyiv                	-35.50	8.48	54.80	24102
Bamako              	-9.80	27.76	66.20	24235
Frankfurt           	-34.10	10.56	49.90	24204
Adelaide            	-25.40	17.33	53.00	24041
Hargeisa            	-19.90	21.73	64.50	24243
Irkutsk             	-39.40	1.14	42.40	24271
Bergen              	-32.00	7.76	46.20	23882
Burnie              	-27.40	13.10	50.60	24228
Shanghai            	-27.70	16.67	62.20	24322
Cotonou             	-14.40	27.17	63.50	24609
Kandi               	-10.90	27.75	63.80	24066
El Paso             	-17.90	17.99	59.70	24364
Palermo             	-23.00	18.53	55.70	23993
Johannesburg        	-24.20	15.64	52.80	24138
Livingstone         	-18.20	21.82	63.60	24176
Podgorica           	-27.40	15.39	60.80	23979
Memphis             	-18.70	17.30	56.40	24197
Launceston          	-29.70	13.14	55.00	24203
Valletta            	-30.80	18.91	61.40	24438
Asmara              	-23.20	15.65	53.70	24471
Vaduz               	-38.30	10.09	51.40	24307
San Francisco       	-22.50	14.56	59.60	24157
Warsaw              	-37.70	8.50	45.80	23948
Lyon                	-29.10	12.50	48.60	24147
Riga                	-33.20	6.28	50.50	24346
Toluca              	-26.10	12.53	53.10	24160
Napoli              	-24.40	15.95	53.20	24215
Sochi               	-26.30	14.11	55.80	24199
Fianarantsoa        	-21.90	17.83	62.80	23871
Dili                	-13.00	26.62	67.10	24297
Cape Town           	-20.30	16.14	56.40	23958
Petropavlovsk-Kamchatsky	-39.40	1.83	39.30	24276
Fukuoka             	-24.20	17.02	52.60	24308
Singapore           	-9.90	27.08	65.30	24033
Monaco              	-25.30	16.41	57.00	24191
Canberra            	-27.60	13.11	60.60	24163
Mandalay            	-11.40	28.02	69.60	24372
Budapest            	-26.70	11.38	49.60	24260
Tashkent            	-23.60	14.72	53.30	24245
Abéché              	-9.50	29.37	70.00	24156
Pyongyang           	-26.60	10.85	57.20	24091
Anadyr              	-47.60	-6.90	30.00	24320
Valencia            	-20.70	18.27	54.00	24454
Dushanbe            	-24.00	14.71	55.70	24449
